Barrier_1:
  id: 1
  x: -33.5358
  y: 22.4046
  z: 4.52609
  width: 1.41629
  length: 0.348126
  height: 0.493464

Barrier_2:
  id: 2
  x: -27.2898
  y: 34.7644
  z: 4.17508
  width: 1.3906
  length: 0.493143
  height: 0.496853

